"country" "year" "pop" "gdp" "lfpr" "unemplrate" "secondary" "highun" "gdpcap" "emplrate"
"1" "Albania" 1993 3193894 2.372e+09 NA NA NA 0 742.667101663361 NA
"2" "Albania" 1994 3234573 2.595e+09 NA NA NA 0 802.269727719857 NA
"3" "Albania" 1995 3265918 2.826e+09 NA NA NA 0 865.300353530003 NA
"4" "Albania" 1996 3303659 3.084e+09 NA NA NA 0 933.510389540809 NA
"5" "Albania" 1997 3339329 2.769e+09 NA NA NA 0 829.208502666254 NA
"6" "Albania" 1998 3363893 3.121e+09 NA NA NA 0 927.794076684365 NA
"7" "Albania" 1999 NA 3.436e+09 NA NA NA 0 NA NA
"8" "Albania" 2000 NA 3.687e+09 NA NA NA 0 NA NA
"9" "Albania" 2001 NA 3.945e+09 NA NA NA 0 NA NA
"10" "Albania" 2002 NA 4.059e+09 NA NA NA 0 NA NA
"11" "Albania" 2003 NA 4.29e+09 NA NA NA 0 NA NA
"12" "Albania" 2004 3127262 4.544e+09 NA NA NA 0 1453.02824003873 NA
"13" "Albania" 2005 3142059 4.794e+09 NA NA NA 0 1525.75110779269 NA
"14" "Albania" 2006 3150884 5.034e+09 NA NA NA 0 1597.64688258914 NA
"15" "Andorra" 1993 63413 NA NA NA NA 0 NA NA
"16" "Andorra" 1994 64769 NA NA NA NA 0 NA NA
"17" "Andorra" 1995 64085 NA NA NA NA 0 NA NA
"18" "Andorra" 1996 64169 NA NA NA NA 0 NA NA
"19" "Andorra" 1997 64893 NA NA NA NA 0 NA NA
"20" "Andorra" 1998 65592 NA NA NA NA 0 NA NA
"21" "Andorra" 1999 65924 NA NA NA NA 0 NA NA
"22" "Andorra" 2000 65908 NA NA NA NA 0 NA NA
"23" "Andorra" 2001 66089 NA NA NA NA 0 NA NA
"24" "Andorra" 2002 66747 NA NA NA NA 0 NA NA
"25" "Andorra" 2003 69740 NA NA NA NA 0 NA NA
"26" "Andorra" 2004 74598 NA NA NA NA 0 NA NA
"27" "Andorra" 2005 77712 NA NA NA NA 0 NA NA
"28" "Andorra" 2006 79886 NA NA NA NA 0 NA NA
"29" "Armenia" 1993 NA 1.32e+09 NA NA NA 0 NA NA
"30" "Armenia" 1994 NA 1.391e+09 NA NA NA 0 NA NA
"31" "Armenia" 1995 NA 1.487e+09 NA NA NA 0 NA NA
"32" "Armenia" 1996 NA 1.574e+09 NA NA NA 0 NA NA
"33" "Armenia" 1997 NA 1.626e+09 NA NA NA 0 NA NA
"34" "Armenia" 1998 NA 1.745e+09 NA NA NA 0 NA NA
"35" "Armenia" 1999 NA 1.803e+09 NA NA NA 0 NA NA
"36" "Armenia" 2000 NA 1.912e+09 NA NA NA 0 NA NA
"37" "Armenia" 2001 NA 2.094e+09 NA NA NA 0 NA NA
"38" "Armenia" 2002 NA 2.37e+09 NA NA NA 0 NA NA
"39" "Armenia" 2003 NA 2.702e+09 NA NA NA 0 NA NA
"40" "Armenia" 2004 NA 2.986e+09 NA NA NA 0 NA NA
"41" "Armenia" 2005 NA 3.404e+09 NA NA NA 0 NA NA
"42" "Armenia" 2006 3222594 3.86e+09 NA NA NA 0 1197.79283397164 NA
"43" "Austria" 1993 7905633 1.603e+11 NA 4 NA 0 20276.6811968124 NA
"44" "Austria" 1994 7936118 1.646e+11 71.1 3.8 NA 0 20740.6190280941 68.3982
"45" "Austria" 1995 7948278 1.677e+11 71.4 3.9 68.9 0 21098.9097261067 68.6154
"46" "Austria" 1996 7959017 1.721e+11 70.8 4.3 70.5 0 21623.2733263417 67.7556
"47" "Austria" 1997 7968041 1.753e+11 70.9 4.4 73.1 0 22000.3888032203 67.7804
"48" "Austria" 1998 7976789 1.815e+11 71 4.5 74.1 0 22753.5164838884 67.805
"49" "Austria" 1999 7992324 1.875e+11 71.2 3.9 74.8 0 23460.0098794794 68.4232
"50" "Austria" 2000 8011566 1.938e+11 71 3.6 76.2 0 24190.0272680772 68.444
"51" "Austria" 2001 8043046 1.955e+11 71 3.6 77.5 0 24306.7116612288 68.444
"52" "Austria" 2002 8083661 1.973e+11 71.6 4.2 78.3 0 24407.2580480552 68.5928
"53" "Austria" 2003 8121149 2.001e+11 72 4.3 79 0 24639.3706112276 68.904
"54" "Austria" 2004 8173323 2.05e+11 71.30001 4.8 80.2 0 25081.597778529 67.87760952
"55" "Austria" 2005 8236225 2.087e+11 72.4 5.2 80.6 0 25339.2786136853 68.6352
"56" "Austria" 2006 8282424 2.152e+11 73.7 4.7 80.3 0 25982.7316254275 70.2361
"57" "Azerbaijan" 1993 NA 5.292e+09 NA NA NA 0 NA NA
"58" "Azerbaijan" 1994 NA 4.25e+09 NA NA NA 0 NA NA
"59" "Azerbaijan" 1995 NA 3.748e+09 NA NA NA 0 NA NA
"60" "Azerbaijan" 1996 NA 3.797e+09 NA NA NA 0 NA NA
"61" "Azerbaijan" 1997 NA 4.017e+09 NA NA NA 0 NA NA
"62" "Azerbaijan" 1998 NA 4.419e+09 NA NA NA 0 NA NA
"63" "Azerbaijan" 1999 NA 4.746e+09 NA NA NA 0 NA NA
"64" "Azerbaijan" 2000 NA 5.273e+09 NA NA NA 0 NA NA
"65" "Azerbaijan" 2001 NA 5.795e+09 NA NA NA 0 NA NA
"66" "Azerbaijan" 2002 NA 6.409e+09 NA NA NA 0 NA NA
"67" "Azerbaijan" 2003 NA 7.127e+09 NA NA NA 0 NA NA
"68" "Azerbaijan" 2004 NA 7.854e+09 NA NA NA 0 NA NA
"69" "Azerbaijan" 2005 NA 9.927e+09 NA NA NA 0 NA NA
"70" "Azerbaijan" 2006 8484550 1.335e+10 NA NA NA 0 1573.44820880306 NA
"71" "Belarus" 1993 NA 1.185e+10 NA NA NA 0 NA NA
"72" "Belarus" 1994 NA 1.047e+10 NA NA NA 0 NA NA
"73" "Belarus" 1995 NA 9.379e+09 NA NA NA 0 NA NA
"74" "Belarus" 1996 NA 9.641e+09 NA NA NA 0 NA NA
"75" "Belarus" 1997 NA 1.074e+10 NA NA NA 0 NA NA
"76" "Belarus" 1998 NA 1.164e+10 NA NA NA 0 NA NA
"77" "Belarus" 1999 NA 1.204e+10 NA NA NA 0 NA NA
"78" "Belarus" 2000 NA 1.274e+10 NA NA NA 0 NA NA
"79" "Belarus" 2001 NA 1.334e+10 NA NA NA 0 NA NA
"80" "Belarus" 2002 NA 1.401e+10 NA NA NA 0 NA NA
"81" "Belarus" 2003 NA 1.5e+10 NA NA NA 0 NA NA
"82" "Belarus" 2004 NA 1.672e+10 NA NA NA 0 NA NA
"83" "Belarus" 2005 NA 1.826e+10 NA NA NA 0 NA NA
"84" "Belarus" 2006 9732501 2.011e+10 NA NA NA 0 2066.27258502208 NA
"85" "Belgium" 1993 10084475 1.924e+11 61 8.6 50.8 1 19078.8315703098 55.754
"86" "Belgium" 1994 10115603 1.986e+11 61.8 9.8 52.8 1 19633.0362114844 55.7436
"87" "Belgium" 1995 10136811 2.033e+11 62.1 9.7 54.5 1 20055.6170969351 56.0763
"88" "Belgium" 1996 10156637 2.057e+11 62.3 9.5 56.6 1 20252.7667376514 56.3815
"89" "Belgium" 1997 10181245 2.126e+11 62.7 9.2 57.8 1 20881.5326612806 56.9316
"90" "Belgium" 1998 10203008 2.166e+11 63.5 9.3 56.7 1 21229.0336340028 57.5945
"91" "Belgium" 1999 10226419 2.233e+11 64.9 8.5 57.4 1 21835.6005166618 59.3835
"92" "Belgium" 2000 10251250 2.319e+11 65.1 6.9 58.5 0 22621.6315083526 60.6081
"93" "Belgium" 2001 10286570 2.344e+11 64.2 6.6 59.5 0 22786.9931376542 59.9628
"94" "Belgium" 2002 10332785 2.379e+11 64.8 7.5 60.8 0 23023.8023920947 59.94
"95" "Belgium" 2003 10376133 2.401e+11 64.9 8.2 62 1 23139.6417143072 59.5782
"96" "Belgium" 2004 10421137 2.463e+11 65.9 8.4 64.3 1 23634.6571396192 60.3644
"97" "Belgium" 2005 10478617 2.494e+11 66.7 8.4 66.1 1 23800.8508183857 61.0972
"98" "Belgium" 2006 10547958 2.573e+11 66.5 8.2 66.9 1 24393.3470345635 61.047
"99" "Bosnia and Herzegovina" 1993 NA NA NA NA NA 0 NA NA
"100" "Bosnia and Herzegovina" 1994 NA 1.251e+09 NA NA NA 0 NA NA
"101" "Bosnia and Herzegovina" 1995 NA 1.512e+09 NA NA NA 0 NA NA
"102" "Bosnia and Herzegovina" 1996 NA 2.81e+09 NA NA NA 0 NA NA
"103" "Bosnia and Herzegovina" 1997 3638588 3.777e+09 NA NA NA 0 1038.04003091309 NA
"104" "Bosnia and Herzegovina" 1998 NA 4.366e+09 NA NA NA 0 NA NA
"105" "Bosnia and Herzegovina" 1999 NA 4.785e+09 NA NA NA 0 NA NA
"106" "Bosnia and Herzegovina" 2000 NA 5.048e+09 NA NA NA 0 NA NA
"107" "Bosnia and Herzegovina" 2001 NA 5.271e+09 NA NA NA 0 NA NA
"108" "Bosnia and Herzegovina" 2002 NA 5.55e+09 NA NA NA 0 NA NA
"109" "Bosnia and Herzegovina" 2003 NA 5.772e+09 NA NA NA 0 NA NA
"110" "Bosnia and Herzegovina" 2004 NA 6.13e+09 NA NA NA 0 NA NA
"111" "Bosnia and Herzegovina" 2005 NA 6.436e+09 NA NA NA 0 NA NA
"112" "Bosnia and Herzegovina" 2006 NA 6.803e+09 NA NA NA 0 NA NA
"113" "Bulgaria" 1993 8472313 1.254e+10 NA NA NA 0 1480.11528846963 NA
"114" "Bulgaria" 1994 8443591 1.277e+10 NA NA NA 0 1512.38969296357 NA
"115" "Bulgaria" 1995 8406067 1.314e+10 NA NA NA 0 1563.15670574598 NA
"116" "Bulgaria" 1996 8362826 1.19e+10 NA NA NA 0 1422.96395979063 NA
"117" "Bulgaria" 1997 8312068 1.124e+10 NA NA NA 0 1352.25072749645 NA
"118" "Bulgaria" 1998 8256786 1.169e+10 NA NA NA 0 1415.80513289311 NA
"119" "Bulgaria" 1999 8210624 1.195e+10 NA NA NA 0 1455.43140204691 NA
"120" "Bulgaria" 2000 8170172 1.26e+10 60.7 16.4 67.5 1 1542.19519491144 50.7452
"121" "Bulgaria" 2001 8020282 1.312e+10 62.5 19.5 71 1 1635.85270443109 50.3125
"122" "Bulgaria" 2002 7868468 1.376e+10 61.9 18.1 71.6 1 1748.75210778007 50.6961
"123" "Bulgaria" 2003 7823557 1.445e+10 60.9 13.7 71.2 1 1846.98596814723 52.5567
"124" "Bulgaria" 2004 7781161 1.541e+10 61.8 12 71.7 1 1980.42425802525 54.384
"125" "Bulgaria" 2005 7739900 1.637e+10 62.1 10.1 72.5 1 2115.01440587088 55.8279
"126" "Bulgaria" 2006 7699020 1.737e+10 64.5 9 75.5 1 2256.13129982777 58.695
"127" "Croatia" 1993 4645155 1.378e+10 NA NA NA 0 2966.53179495625 NA
"128" "Croatia" 1994 4658893 1.46e+10 NA NA NA 0 3133.79165394011 NA
"129" "Croatia" 1995 4581167 1.559e+10 NA NA NA 0 3403.06301865878 NA
"130" "Croatia" 1996 4533028 1.651e+10 NA NA NA 0 3642.15707469709 NA
"131" "Croatia" 1997 4536812 1.763e+10 NA NA NA 0 3885.98866340505 NA
"132" "Croatia" 1998 4527459 1.807e+10 NA NA NA 0 3991.20124555518 NA
"133" "Croatia" 1999 4497735 1.791e+10 NA NA NA 0 3982.00427548533 NA
"134" "Croatia" 2000 4439576 1.843e+10 NA NA NA 0 4151.29733109648 NA
"135" "Croatia" 2001 4440776 1.925e+10 NA NA NA 0 4334.82796700396 NA
"136" "Croatia" 2002 4443150 2.032e+10 62.9 14.7 70.4 1 4573.33198294003 53.6537
"137" "Croatia" 2003 4442000 2.14e+10 62.4 14.1 70 1 4817.64970733904 53.6016
"138" "Croatia" 2004 4442842 2.222e+10 63.7 13.6 71.2 1 5001.30321987593 55.0368
"139" "Croatia" 2005 4443384 2.317e+10 63.3 12.6 72.8 1 5214.49417831095 55.3242
"140" "Croatia" 2006 4442061 2.423e+10 62.8 11.1 NA 1 5454.67520594607 55.8292
"141" "Cyprus" 1993 626088 6.765e+09 NA NA NA 0 10805.1903246828 NA
"142" "Cyprus" 1994 639172 7.165e+09 NA NA NA 0 11209.8151984129 NA
"143" "Cyprus" 1995 650866 7.602e+09 NA NA NA 0 11679.8234966952 NA
"144" "Cyprus" 1996 661323 7.746e+09 NA NA NA 0 11712.8846267255 NA
"145" "Cyprus" 1997 670764 7.932e+09 NA NA NA 0 11825.3215736086 NA
"146" "Cyprus" 1998 679039 8.328e+09 NA NA NA 0 12264.3912941672 NA
"147" "Cyprus" 1999 686680 8.712e+09 NA NA 59.9 0 12687.1322886934 NA
"148" "Cyprus" 2000 694023 9.147e+09 69.1 4.9 61.5 0 13179.6784832779 65.7141
"149" "Cyprus" 2001 701544 9.522e+09 70.6 3.8 62.9 0 13572.9191611645 67.9172
"150" "Cyprus" 2002 710338 9.722e+09 71.2 3.6 65.1 0 13686.4422289107 68.6368
"151" "Cyprus" 2003 722752 9.907e+09 72.4 4.1 64.7 0 13707.3297617993 69.4316
"152" "Cyprus" 2004 739771 1.027e+10 72.6 4.6 64.4 0 13882.674503326 69.2604
"153" "Cyprus" 2005 757795 NA 72.4 5.2 66.6 0 NA 68.6352
"154" "Cyprus" 2006 772549 NA 73 4.6 69.5 0 NA 69.642
"155" "Czech Republic" 1993 10329855 4.866e+10 NA NA NA 0 4710.61791283614 NA
"156" "Czech Republic" 1994 10333587 4.974e+10 NA NA NA 0 4813.43022514834 NA
"157" "Czech Republic" 1995 10327253 5.269e+10 NA NA NA 0 5102.03439385091 NA
"158" "Czech Republic" 1996 10315241 5.481e+10 NA NA NA 0 5313.49679566381 NA
"159" "Czech Republic" 1997 10304131 5.441e+10 NA NA NA 0 5280.40646998762 NA
"160" "Czech Republic" 1998 10294373 5.4e+10 72 6.4 85.6 0 5245.58416525222 67.392
"161" "Czech Republic" 1999 10283860 5.472e+10 72 8.6 86 1 5320.95925070936 65.808
"162" "Czech Republic" 2000 10272322 5.672e+10 71.30001 8.7 86.1 1 5521.63376498517 65.09690913
"163" "Czech Republic" 2001 10236491 5.811e+10 70.8 8 86.3 0 5676.7499722317 65.136
"164" "Czech Republic" 2002 10204853 5.922e+10 70.6 7.3 87.9 0 5803.12131884702 65.4462
"165" "Czech Republic" 2003 10207362 6.135e+10 70.2 7.8 88.5 0 6010.36781099759 64.7244
"166" "Czech Republic" 2004 10216016 6.394e+10 70 8.3 89.1 1 6258.79990790931 64.19
"167" "Czech Republic" 2005 10235828 6.782e+10 70.4 7.9 89.9 0 6625.74634900078 64.8384
"168" "Czech Republic" 2006 10269134 7.194e+10 70.3 7.1 90.3 0 7005.45927241771 65.3087
"169" "Denmark" 1993 5188628 1.279e+11 81.4 9.6 81.5 1 24650.0616347905 73.5856
"170" "Denmark" 1994 5206180 1.349e+11 79.5 7.7 76.4 0 25911.5128558751 73.3785
"171" "Denmark" 1995 5233373 1.391e+11 79.8 6.7 79.5 0 26579.4163725765 74.4534
"172" "Denmark" 1996 5263074 1.43e+11 79.8 6.3 77.6 0 27170.4330967036 74.7726
"173" "Denmark" 1997 5284991 1.476e+11 79.8 5.2 78.6 0 27928.1459514311 75.6504
"174" "Denmark" 1998 5304219 1.508e+11 79.7 4.9 78.5 0 28430.1986776941 75.7947
"175" "Denmark" 1999 5321799 1.546e+11 80.6 5.2 79.6 0 29050.326778595 76.4088
"176" "Denmark" 2000 5339616 1.601e+11 80 4.3 78.5 0 29983.4295200254 76.56
"177" "Denmark" 2001 5358783 1.612e+11 79.9 4.5 80.7 0 30081.4569278136 76.3045
"178" "Denmark" 2002 5375931 1.62e+11 79.6 4.6 81.1 0 30134.3153399848 75.9384
"179" "Denmark" 2003 5390574 1.631e+11 79.5 5.4 80.5 0 30256.5181370296 75.207
"180" "Denmark" 2004 5404523 1.661e+11 80.1 5.5 81.2 0 30733.5170929978 75.6945
"181" "Denmark" 2005 5419432 1.712e+11 79.8 4.8 81 0 31590.0264086716 75.9696
"182" "Denmark" 2006 5437272 1.767e+11 80.6 3.9 81.6 0 32497.9143953071 77.4566
"183" "Estonia" 1993 1494128 4.174e+09 NA NA NA 0 2793.60268999711 NA
"184" "Estonia" 1994 1462514 4.105e+09 NA NA NA 0 2806.81073822199 NA
"185" "Estonia" 1995 1436634 4.291e+09 NA NA NA 0 2986.84285628768 NA
"186" "Estonia" 1996 1415594 4.48e+09 NA NA NA 0 3164.74921481724 NA
"187" "Estonia" 1997 1399535 4.977e+09 NA 9.6 NA 1 3556.18116017106 NA
"188" "Estonia" 1998 1386156 5.198e+09 72.19999 9.2 83.9 1 3749.93867934056 65.55759092
"189" "Estonia" 1999 1375654 5.214e+09 70.4 11.3 84.8 1 3790.19724436523 62.4448
"190" "Estonia" 2000 1369515 5.623e+09 70.2 12.8 86.1 1 4105.83308689573 61.2144
"191" "Estonia" 2001 1364101 6.054e+09 70 12.4 87.1 1 4438.0877955518 61.32
"192" "Estonia" 2002 1358644 6.54e+09 69.3 10.3 87.6 1 4813.62299469177 62.1621
"193" "Estonia" 2003 1353557 7.003e+09 70.1 10 88.5 1 5173.77546715801 63.09
"194" "Estonia" 2004 1349290 7.568e+09 70 9.7 88.9 1 5608.87577911346 63.21
"195" "Estonia" 2005 1346097 8.36e+09 70.1 7.9 89.1 0 6210.54797685457 64.5621
"196" "Estonia" 2006 1343547 9.313e+09 72.4 5.9 88.5 0 6931.65181419035 68.1284
"197" "Finland" 1993 5066447 8.932e+10 72.6 16.3 NA 1 17629.7117092116 60.7662
"198" "Finland" 1994 5088333 9.283e+10 72 16.6 NA 1 18243.6959216309 60.048
"199" "Finland" 1995 5107790 9.603e+10 72.6 15.4 66.8 1 18800.6946252685 61.4196
"200" "Finland" 1996 5124573 9.967e+10 72.9 14.6 67.9 1 19449.4253472436 62.2566
"201" "Finland" 1997 5139835 1.058e+11 72.4 12.7 69.6 1 20584.3183681966 63.2052
"202" "Finland" 1998 5153498 1.111e+11 72.3 11.4 70.1 1 21558.1727207423 64.0578
"203" "Finland" 1999 5165474 1.148e+11 73.9 10.2 71.5 1 22224.4851101758 66.3622
"204" "Finland" 2000 5176209 1.206e+11 74.5 9.8 73.2 1 23298.9046616935 67.199
"205" "Finland" 2001 5188008 1.218e+11 75 9.1 73.8 1 23477.2190019753 68.175
"206" "Finland" 2002 5200598 1.245e+11 74.9 9.1 75 1 23939.5546435237 68.0841
"207" "Finland" 2003 5213014 1.275e+11 74.5 9 76 1 24458.0198710381 67.795
"208" "Finland" 2004 5228172 1.321e+11 74.2 8.8 77.6 1 25266.9575522764 67.6704
"209" "Finland" 2005 5246096 1.349e+11 74.7 8.4 78.8 1 25714.35978297 68.4252
"210" "Finland" 2006 5266268 1.423e+11 75.2 7.7 79.6 0 27021.0327313384 69.4096
"211" "France" 1993 57467085 1.109e+12 67.3 11 56 1 19298.0033701031 59.897
"212" "France" 1994 57658772 1.132e+12 67.5 11.6 57.6 1 19632.7455603806 59.67
"213" "France" 1995 57844247 1.157e+12 67.8 11 58.8 1 20001.989134719 60.342
"214" "France" 1996 58025989 1.169e+12 68.1 11.5 58.8 1 20146.1452040051 60.2685
"215" "France" 1997 58207490 1.195e+12 68.1 11.5 60 1 20530.0039565355 60.2685
"216" "France" 1998 58397788 1.237e+12 68.4 11 59.9 1 21182.3091655458 60.876
"217" "France" 1999 58673079 1.277e+12 68.7 10.4 60.9 1 21764.6665517588 61.5552
"218" "France" 2000 59049357 1.328e+12 68.7 9 62.2 1 22489.6606410126 62.517
"219" "France" 2001 59454461 1.353e+12 68.7 8.3 63.2 1 22756.9130598964 62.9979
"220" "France" 2002 59863266 1.366e+12 69.1 8.6 64.1 1 22818.6681294669 63.1574
"221" "France" 2003 60264196 1.381e+12 69.9 9 64.8 1 22915.762453713 63.609
"222" "France" 2004 60643307 1.413e+12 69.9 9.3 65.4 1 23300.180512913 63.3993
"223" "France" 2005 60995911 1.43e+12 70.1 9.2 66.4 1 23444.194480512 63.6508
"224" "France" 2006 61352572 1.459e+12 70 9.2 66.9 1 23780.5841293825 63.56
"225" "Georgia" 1993 NA 2.505e+09 NA NA NA 0 NA NA
"226" "Georgia" 1994 NA 2.245e+09 NA NA NA 0 NA NA
"227" "Georgia" 1995 NA 2.303e+09 NA NA NA 0 NA NA
"228" "Georgia" 1996 NA 2.561e+09 NA NA NA 0 NA NA
"229" "Georgia" 1997 NA 2.831e+09 NA NA NA 0 NA NA
"230" "Georgia" 1998 NA 2.918e+09 NA NA NA 0 NA NA
"231" "Georgia" 1999 NA 3.002e+09 NA NA NA 0 NA NA
"232" "Georgia" 2000 NA 3.057e+09 NA NA NA 0 NA NA
"233" "Georgia" 2001 NA 3.204e+09 NA NA NA 0 NA NA
"234" "Georgia" 2002 NA 3.38e+09 NA NA NA 0 NA NA
"235" "Georgia" 2003 NA 3.755e+09 NA NA NA 0 NA NA
"236" "Georgia" 2004 NA 3.975e+09 NA NA NA 0 NA NA
"237" "Georgia" 2005 NA 4.343e+09 NA NA NA 0 NA NA
"238" "Georgia" 2006 4397997 4.751e+09 NA NA NA 0 1080.26449313176 NA
"239" "Germany" 1993 81156363 1.645e+12 70.6 7.6 79.4 0 20269.5135561952 65.2344
"240" "Germany" 1994 81438348 1.689e+12 70.8 8.2 81.9 1 20739.6151994635 64.9944
"241" "Germany" 1995 81678051 1.72e+12 70.5 8 81.2 0 21058.2889643143 64.86
"242" "Germany" 1996 81914831 1.738e+12 70.4 8.7 78.5 1 21217.1590758699 64.2752
"243" "Germany" 1997 82034771 1.769e+12 70.6 9.3 80.4 1 21564.0267954182 64.0342
"244" "Germany" 1998 82047195 1.805e+12 70.8 9.1 NA 1 21999.5333173791 64.3572
"245" "Germany" 1999 82100243 1.841e+12 71.2 8.2 79.9 1 22423.8069551146 65.3616
"246" "Germany" 2000 82211508 1.9e+12 71.1 7.5 81.3 0 23111.1196743891 65.7675
"247" "Germany" 2001 82349925 1.924e+12 71.5 7.6 82.5 0 23363.7128388399 66.066
"248" "Germany" 2002 82488495 1.925e+12 71.69999 8.4 83 1 23336.5877265672 65.67719084
"249" "Germany" 2003 82534176 1.921e+12 72.1 9.3 83.5 1 23275.2066247078 65.3947
"250" "Germany" 2004 82516260 1.953e+12 72.6 9.7 83.9 1 23668.0625127702 65.5578
"251" "Germany" 2005 82469422 1.971e+12 74.3 10.7 83.1 1 23899.7673586217 66.3499
"252" "Germany" 2006 82376451 2.027e+12 75.3 9.8 83.3 1 24606.5468394602 67.9206
"253" "Greece" 1993 10465528 9.288e+10 59 8.6 39.1 1 8874.85084364592 53.926
"254" "Greece" 1994 10553035 9.474e+10 59.7 8.9 41.4 1 8977.51215645546 54.3867
"255" "Greece" 1995 10634385 9.673e+10 60.4 9.2 42.6 1 9095.96558710259 54.8432
"256" "Greece" 1996 10709173 9.901e+10 61.1 9.6 44.3 1 9245.34508873841 55.2344
"257" "Greece" 1997 10776504 1.026e+11 61.3 9.8 45.7 1 9520.71283971128 55.2926
"258" "Greece" 1998 10834880 1.061e+11 63.2 10.8 47.7 1 9792.44809356449 56.3744
"259" "Greece" 1999 10882580 1.097e+11 63.8 12 50.1 1 10080.3302158128 56.144
"260" "Greece" 2000 10917482 1.146e+11 63.8 11.2 51.6 1 10496.9259395161 56.6544
"261" "Greece" 2001 10949957 1.204e+11 63.3 10.7 52.1 1 10995.4769685397 56.5269
"262" "Greece" 2002 10987543 1.25e+11 64.2 10.3 53.9 1 11376.5197551445 57.5874
"263" "Greece" 2003 11023514 1.31e+11 65.2 9.7 55.7 1 11883.6879056896 58.8756
"264" "Greece" 2004 11061701 1.371e+11 66.5 10.5 59 1 12394.1155162303 59.5175
"265" "Greece" 2005 11103965 1.421e+11 66.8 9.8 60 1 12797.230538821 60.2536
"266" "Greece" 2006 11148460 1.482e+11 67 8.9 59 1 13293.3158481082 61.037
"267" "Hungary" 1993 10357523 3.77e+10 NA NA NA 0 3639.8664043517 NA
"268" "Hungary" 1994 10343355 3.881e+10 NA NA NA 0 3752.16745437046 NA
"269" "Hungary" 1995 10328965 3.939e+10 NA NA NA 0 3813.54763037729 NA
"270" "Hungary" 1996 10311238 3.991e+10 57.9 9.6 NA 1 3870.53426562358 52.3416
"271" "Hungary" 1997 10290486 4.174e+10 57.6 9 63.2 1 4056.17382891343 52.416
"272" "Hungary" 1998 10266570 4.377e+10 58.7 8.4 67.3 1 4263.35183026074 53.7692
"273" "Hungary" 1999 10237530 4.559e+10 59.8 6.9 73.2 0 4453.22260349909 55.6738
"274" "Hungary" 2000 10210971 4.796e+10 60.1 6.4 69.4 0 4696.90884441842 56.2536
"275" "Hungary" 2001 10187576 4.992e+10 59.6 5.7 70 0 4900.08614414263 56.2028
"276" "Hungary" 2002 10158608 5.209e+10 59.7 5.8 71.4 0 5127.6710352442 56.2374
"277" "Hungary" 2003 10129552 5.423e+10 60.6 5.9 74.1 0 5353.64249080315 57.0246
"278" "Hungary" 2004 10107146 5.688e+10 60.5 6.1 75.3 0 5627.70143025539 56.8095
"279" "Hungary" 2005 10087065 5.929e+10 61.3 7.2 76.4 0 5877.8247190833 56.8864
"280" "Hungary" 2006 10071370 6.161e+10 62 7.5 78.1 0 6117.34054056201 57.35
"281" "Iceland" 1993 263725 6.595e+09 NA NA NA 0 25007.1096786425 NA
"282" "Iceland" 1994 266021 6.826e+09 NA NA NA 0 25659.6283752035 NA
"283" "Iceland" 1995 267468 6.835e+09 NA NA NA 0 25554.4588511523 NA
"284" "Iceland" 1996 268916 7.163e+09 NA NA NA 0 26636.5705275997 NA
"285" "Iceland" 1997 271128 7.511e+09 NA NA NA 0 27702.7824496179 NA
"286" "Iceland" 1998 274047 7.944e+09 NA NA NA 0 28987.7283823578 NA
"287" "Iceland" 1999 277381 8.284e+09 NA NA 56.7 0 29865.0592506336 NA
"288" "Iceland" 2000 281205 8.628e+09 NA NA 55.8 0 30682.2424921321 NA
"289" "Iceland" 2001 284968 8.956e+09 NA NA 56.3 0 31428.090171528 NA
"290" "Iceland" 2002 287523 8.862e+09 NA NA 58.7 0 30821.8820755209 NA
"291" "Iceland" 2003 289521 9.13e+09 86.2 NA 59.6 0 31534.8454861651 NA
"292" "Iceland" 2004 292074 9.88e+09 84.9 NA 61 0 33827.0438313578 NA
"293" "Iceland" 2005 296734 1.043e+10 86 NA 62.9 0 35149.3256586707 NA
"294" "Iceland" 2006 NA 1.07e+10 87.1 NA NA 0 NA NA
"295" "Ireland" 1993 3576261 5.227e+10 61.2 15.6 44.5 1 14615.8236213744 51.6528
"296" "Ireland" 1994 3590386 5.528e+10 61.8 14.3 45.2 1 15396.6732267784 52.9626
"297" "Ireland" 1995 3608841 6.061e+10 61.9 12.3 47.3 1 16794.865720047 54.2863
"298" "Ireland" 1996 3637510 6.561e+10 62.5 11.7 50 1 18037.0638156321 55.1875
"299" "Ireland" 1997 3674269 7.328e+10 64.1 9.9 49.3 1 19944.1031671878 57.7541
"300" "Ireland" 1998 3712892 7.952e+10 65.6 7.5 NA 0 21417.2671868721 60.68
"301" "Ireland" 1999 3754982 8.805e+10 67.1 5.7 54.9 0 23448.8474245682 63.2753
"302" "Ireland" 2000 3805368 9.617e+10 68.2 4.2 57.6 0 25272.1944369112 65.3356
"303" "Ireland" 2001 3866425 1.021e+11 68.6 4 59.2 0 26406.8228402206 65.856
"304" "Ireland" 2002 3931771 1.084e+11 68.6 4.5 60.3 0 27570.2730398083 65.513
"305" "Ireland" 2003 3995699 1.132e+11 68.8 4.7 62.2 0 28330.4623296199 65.5664
"306" "Ireland" 2004 4068453 1.182e+11 69.5 4.5 63 0 29052.8119656292 66.3725
"307" "Ireland" 2005 4159096 1.247e+11 70.8 4.3 65.2 0 29982.4769613397 67.7556
"308" "Ireland" 2006 4261827 1.322e+11 71.80001 4.4 66.2 0 31019.5603904147 68.64080956
"309" "Italy" 1993 56831821 9.506e+11 58.3 9.8 32.5 1 16726.5447996115 52.5866
"310" "Italy" 1994 56843400 9.71e+11 57.8 10.6 34.8 1 17082.0183169902 51.6732
"311" "Italy" 1995 56844303 9.985e+11 57.8 11.2 36.3 1 17565.5245522141 51.3264
"312" "Italy" 1996 56860281 1.006e+12 58.1 11.2 37.8 1 17692.4908267689 51.5928
"313" "Italy" 1997 56890372 1.025e+12 58.2 11.3 39.6 1 18017.1084133533 51.6234
"314" "Italy" 1998 56906744 1.039e+12 59 11.3 41.5 1 18257.9414489081 52.333
"315" "Italy" 1999 56916317 1.059e+12 59.6 10.9 43.2 1 18606.2636484367 53.1036
"316" "Italy" 2000 56942108 1.097e+12 60.1 10.1 45.2 1 19265.1806989653 54.0299
"317" "Italy" 2001 56977217 1.117e+12 60.6 9.1 43 1 19604.3271120104 55.0854
"318" "Italy" 2002 57157406 1.121e+12 61.1 8.6 44.1 1 19612.5065577679 55.8454
"319" "Italy" 2003 57604658 1.121e+12 61.5 8.4 46.4 1 19460.2318444456 56.334
"320" "Italy" 2004 58175310 1.133e+12 62.7 8 49.3 0 19475.6160302369 57.684
"321" "Italy" 2005 58607043 1.133e+12 62.5 7.7 50.4 0 19332.1475031593 57.6875
"322" "Italy" 2006 58941499 1.154e+12 62.7 6.8 51.3 0 19578.7351794361 58.4364
"323" "Latvia" 1993 2563290 5.874e+09 NA NA NA 0 2291.58620366794 NA
"324" "Latvia" 1994 2520742 6.002e+09 NA NA NA 0 2381.04494628962 NA
"325" "Latvia" 1995 2485056 5.946e+09 NA NA NA 0 2392.70261917639 NA
"326" "Latvia" 1996 2457222 6.171e+09 NA NA NA 0 2511.37259881281 NA
"327" "Latvia" 1997 2432851 6.682e+09 NA NA NA 0 2746.57182046907 NA
"328" "Latvia" 1998 2410019 6.998e+09 69.8 14.3 82.6 1 2903.71154750232 59.8186
"329" "Latvia" 1999 2390482 7.327e+09 68.5 14 83.5 1 3065.07223229457 58.91
"330" "Latvia" 2000 2372985 7.833e+09 67.2 13.7 83.2 1 3300.90582114931 57.9936
"331" "Latvia" 2001 2355011 8.463e+09 67.7 12.9 79.6 1 3593.61378779122 58.9667
"332" "Latvia" 2002 2338624 9.011e+09 68.8 12.2 82.2 1 3853.12046742016 60.4064
"333" "Latvia" 2003 2325342 9.659e+09 69.2 10.5 83.2 1 4153.79759192411 61.934
"334" "Latvia" 2004 2312819 1.05e+10 69.7 10.4 84.6 1 4539.91427777098 62.4512
"335" "Latvia" 2005 2300512 1.161e+10 69.6 8.9 84.5 1 5046.70264706291 63.4056
"336" "Latvia" 2006 2287948 1.299e+10 71.30001 6.8 84.5 0 5677.5765882791 66.45160932
"337" "Liechtenstein" 1993 30089 NA NA NA NA 0 NA NA
"338" "Liechtenstein" 1994 30470 NA NA NA NA 0 NA NA
"339" "Liechtenstein" 1995 30776 NA NA NA NA 0 NA NA
"340" "Liechtenstein" 1996 31033 NA NA NA NA 0 NA NA
"341" "Liechtenstein" 1997 31232 NA NA NA NA 0 NA NA
"342" "Liechtenstein" 1998 31668 NA NA NA NA 0 NA NA
"343" "Liechtenstein" 1999 32221 NA NA NA NA 0 NA NA
"344" "Liechtenstein" 2000 32645 NA NA NA NA 0 NA NA
"345" "Liechtenstein" 2001 33194 NA NA NA NA 0 NA NA
"346" "Liechtenstein" 2002 33694 NA NA NA NA 0 NA NA
"347" "Liechtenstein" 2003 34079 NA NA NA NA 0 NA NA
"348" "Liechtenstein" 2004 34447 NA NA NA NA 0 NA NA
"349" "Liechtenstein" 2005 34753 NA NA NA NA 0 NA NA
"350" "Liechtenstein" 2006 35037 NA NA NA NA 0 NA NA
"351" "Lithuania" 1993 3682613 9.98e+09 NA NA NA 0 2710.03225155616 NA
"352" "Lithuania" 1994 3657144 9.005e+09 NA NA NA 0 2462.30391803003 NA
"353" "Lithuania" 1995 3629102 9.302e+09 NA NA NA 0 2563.16851937477 NA
"354" "Lithuania" 1996 3601613 9.737e+09 NA NA NA 0 2703.51089914436 NA
"355" "Lithuania" 1997 3575137 1.042e+10 NA NA NA 0 2914.57362333248 NA
"356" "Lithuania" 1998 3549331 1.118e+10 72.1 13.2 83.2 1 3149.88937351856 62.5828
"357" "Lithuania" 1999 3524238 1.099e+10 72.19999 13.7 84.1 1 3118.40460264034 62.30859137
"358" "Lithuania" 2000 3499536 1.142e+10 70.8 16.4 84.2 1 3263.28976184271 59.1888
"359" "Lithuania" 2001 3481292 1.218e+10 69.7 16.5 84.2 1 3498.70105696391 58.1995
"360" "Lithuania" 2002 3469070 1.302e+10 69.6 13.5 84.9 1 3753.16727537928 60.204
"361" "Lithuania" 2003 3454205 1.436e+10 69.9 12.4 86.1 1 4157.2518133695 61.2324
"362" "Lithuania" 2004 3435591 1.541e+10 69.1 11.4 86.6 1 4485.4000374317 61.2226
"363" "Lithuania" 2005 3414304 1.658e+10 68.4 8.3 87.6 1 4856.04093835815 62.7228
"364" "Lithuania" 2006 3394082 1.782e+10 67.4 5.6 88.3 0 5250.31510729558 63.6256
"365" "Luxembourg" 1993 397475 1.429e+10 62.4 2.6 39.8 0 35951.9466633122 60.7776
"366" "Luxembourg" 1994 402925 1.484e+10 62 3.2 47.4 0 36830.6756840603 60.016
"367" "Luxembourg" 1995 408625 1.505e+10 60.6 2.9 42.9 0 36830.835117773 58.8426
"368" "Luxembourg" 1996 414225 1.528e+10 61.2 2.9 45.4 0 36888.1646448186 59.4252
"369" "Luxembourg" 1997 419450 1.619e+10 61.6 2.7 46 0 38598.164262725 59.9368
"370" "Luxembourg" 1998 424700 1.724e+10 62.1 2.7 NA 0 40593.3600188368 60.4233
"371" "Luxembourg" 1999 430475 1.869e+10 63.2 2.4 62.3 0 43417.1554677972 61.6832
"372" "Luxembourg" 2000 436300 2.027e+10 64.1 2.3 60.9 0 46458.8585835434 62.6257
"373" "Luxembourg" 2001 441525 2.078e+10 64.4 2 59.2 0 47064.1526527377 63.112
"374" "Luxembourg" 2002 446175 2.154e+10 65.2 2.7 61.6 0 48277.0213481257 63.4396
"375" "Luxembourg" 2003 451630 2.197e+10 64.6 3.7 59.1 0 48646.0155436973 62.2098
"376" "Luxembourg" 2004 458095 2.291e+10 65.80001 5.1 63.2 0 50011.4605049171 62.44420949
"377" "Luxembourg" 2005 465158 2.383e+10 66.6 4.5 65.9 0 51229.9046775504 63.603
"378" "Luxembourg" 2006 472637 2.531e+10 66.7 4.7 65.5 0 53550.6107223937 63.5651
"379" "Macedonia, the former Yugoslav Republic of" 1993 1998871 3.19e+09 NA NA NA 0 1595.90088605018 NA
"380" "Macedonia, the former Yugoslav Republic of" 1994 1947003 3.134e+09 NA NA NA 0 1609.65340063677 NA
"381" "Macedonia, the former Yugoslav Republic of" 1995 1964476 3.099e+09 NA NA NA 0 1577.51990861685 NA
"382" "Macedonia, the former Yugoslav Republic of" 1996 1981543 3.136e+09 NA NA NA 0 1582.60507089677 NA
"383" "Macedonia, the former Yugoslav Republic of" 1997 1996869 3.181e+09 NA NA NA 0 1592.99383184375 NA
"384" "Macedonia, the former Yugoslav Republic of" 1998 2007523 3.288e+09 NA NA NA 0 1637.83926759494 NA
"385" "Macedonia, the former Yugoslav Republic of" 1999 2017142 3.431e+09 NA NA NA 0 1700.92140265782 NA
"386" "Macedonia, the former Yugoslav Republic of" 2000 2026345 3.587e+09 NA NA NA 0 1770.18227399579 NA
"387" "Macedonia, the former Yugoslav Republic of" 2001 2034882 3.425e+09 NA NA NA 0 1683.14428060202 NA
"388" "Macedonia, the former Yugoslav Republic of" 2002 2031153 3.454e+09 NA NA NA 0 1700.51197521802 NA
"389" "Macedonia, the former Yugoslav Republic of" 2003 2026773 3.551e+09 NA NA NA 0 1752.0462331006 NA
"390" "Macedonia, the former Yugoslav Republic of" 2004 2032544 3.696e+09 NA NA NA 0 1818.41081915078 NA
"391" "Macedonia, the former Yugoslav Republic of" 2005 2036855 3.835e+09 NA NA NA 0 1882.80461790358 NA
"392" "Macedonia, the former Yugoslav Republic of" 2006 2040228 3.952e+09 NA NA NA 0 1937.03840943267 NA
"393" "Malta" 1993 364704 2.766e+09 NA NA NA 0 7584.2326928139 NA
"394" "Malta" 1994 367941 2.926e+09 NA NA NA 0 7952.36192759165 NA
"395" "Malta" 1995 370433 3.107e+09 NA NA NA 0 8387.48167684845 NA
"396" "Malta" 1996 372687 3.231e+09 NA NA NA 0 8669.47331138462 NA
"397" "Malta" 1997 375236 3.386e+09 NA NA NA 0 9023.65444680148 NA
"398" "Malta" 1998 377516 3.504e+09 NA NA NA 0 9281.72580764789 NA
"399" "Malta" 1999 379360 3.644e+09 NA NA NA 0 9605.65162378743 NA
"400" "Malta" 2000 385808 3.873e+09 58 6.7 18.1 0 10038.672085597 54.114
"401" "Malta" 2001 393028 3.885e+09 58.1 7.6 19.3 0 9884.79192322176 53.6844
"402" "Malta" 2002 395969 3.942e+09 58.5 7.5 18.4 0 9955.32478552614 54.1125
"403" "Malta" 2003 398582 3.843e+09 58.6 7.6 19.8 0 9641.67975473052 54.1464
"404" "Malta" 2004 401268 3.787e+09 58.2 7.4 23.6 0 9437.58286232643 53.8932
"405" "Malta" 2005 403837 3.881e+09 58.1 7.3 25.3 0 9610.3130718582 53.8587
"406" "Malta" 2006 406408 NA 59.2 7.3 26.5 0 NA 54.8784
"407" "Moldova, Republic of" 1993 NA NA NA NA NA 0 NA NA
"408" "Moldova, Republic of" 1994 NA NA NA NA NA 0 NA NA
"409" "Moldova, Republic of" 1995 NA NA NA NA NA 0 NA NA
"410" "Moldova, Republic of" 1996 NA NA NA NA NA 0 NA NA
"411" "Moldova, Republic of" 1997 NA NA NA NA NA 0 NA NA
"412" "Moldova, Republic of" 1998 NA NA NA NA NA 0 NA NA
"413" "Moldova, Republic of" 1999 NA NA NA NA NA 0 NA NA
"414" "Moldova, Republic of" 2000 NA NA NA NA NA 0 NA NA
"415" "Moldova, Republic of" 2001 NA NA NA NA NA 0 NA NA
"416" "Moldova, Republic of" 2002 NA NA NA NA NA 0 NA NA
"417" "Moldova, Republic of" 2003 NA NA NA NA NA 0 NA NA
"418" "Moldova, Republic of" 2004 NA NA NA NA NA 0 NA NA
"419" "Moldova, Republic of" 2005 NA NA NA NA NA 0 NA NA
"420" "Moldova, Republic of" 2006 3585525 NA NA NA NA 0 NA NA
"421" "Montenegro" 1993 NA NA NA NA NA 0 NA NA
"422" "Montenegro" 1994 NA NA NA NA NA 0 NA NA
"423" "Montenegro" 1995 NA NA NA NA NA 0 NA NA
"424" "Montenegro" 1996 NA NA NA NA NA 0 NA NA
"425" "Montenegro" 1997 NA 963500000 NA NA NA 0 NA NA
"426" "Montenegro" 1998 NA 1.011e+09 NA NA NA 0 NA NA
"427" "Montenegro" 1999 NA 915700000 NA NA NA 0 NA NA
"428" "Montenegro" 2000 NA 944100000 NA NA NA 0 NA NA
"429" "Montenegro" 2001 NA 942200000 NA NA NA 0 NA NA
"430" "Montenegro" 2002 NA 958200000 NA NA NA 0 NA NA
"431" "Montenegro" 2003 620279 981200000 NA NA NA 0 1581.8688041994 NA
"432" "Montenegro" 2004 622118 1.018e+09 NA NA NA 0 1636.34551644543 NA
"433" "Montenegro" 2005 623277 1.061e+09 NA NA NA 0 1702.29288101438 NA
"434" "Montenegro" 2006 NA 1.13e+09 NA NA NA 0 NA NA
"435" "Netherlands" 1993 15290368 3.036e+11 67.9 6.2 NA 0 19855.6372220734 63.6902
"436" "Netherlands" 1994 15382838 3.123e+11 68.8 6.8 NA 0 20301.8454722074 64.1216
"437" "Netherlands" 1995 15459006 3.217e+11 69.3 6.6 NA 0 20809.876133045 64.7262
"438" "Netherlands" 1996 15530498 3.315e+11 70.3 6 63.1 0 21345.097884176 66.082
"439" "Netherlands" 1997 15610650 3.442e+11 72 4.9 64.5 0 22049.0498473798 68.472
"440" "Netherlands" 1998 15707209 3.592e+11 73 3.8 64.4 0 22868.4803264539 70.226
"441" "Netherlands" 1999 15812088 3.736e+11 74.1 3.2 64.7 0 23627.4930926264 71.7288
"442" "Netherlands" 2000 15925513 3.865e+11 75.2 2.8 66.1 0 24269.2339016018 73.0944
"443" "Netherlands" 2001 16046180 3.92e+11 75.8 2.2 66.9 0 24429.490383381 74.1324
"444" "Netherlands" 2002 16148929 3.923e+11 76.5 2.8 67.8 0 24292.6326569397 74.358
"445" "Netherlands" 2003 16225302 3.918e+11 76.5 3.7 69.2 0 24147.4704138018 73.6695
"446" "Netherlands" 2004 16281779 3.985e+11 76.6 4.6 70.9 0 24475.2124445369 73.0764
"447" "Netherlands" 2005 16319868 4.03e+11 76.9 4.7 71.8 0 24693.8271804649 73.2857
"448" "Netherlands" 2006 16346101 4.147e+11 77.4 3.9 72.4 0 25369.9643725436 74.3814
"449" "Norway" 1993 4311991 1.273e+11 NA 6 NA 0 29522.3250697879 NA
"450" "Norway" 1994 4336613 1.34e+11 NA 5.4 NA 0 30899.6906110829 NA
"451" "Norway" 1995 4359184 1.399e+11 NA 4.9 NA 0 32093.1623900253 NA
"452" "Norway" 1996 4381336 1.472e+11 NA 4.7 80.7 0 33597.0580663067 NA
"453" "Norway" 1997 4405157 1.548e+11 NA 4 82.2 0 35140.6317640892 NA
"454" "Norway" 1998 4431464 1.589e+11 NA 3.2 83.5 0 35857.2246101965 NA
"455" "Norway" 1999 4461913 1.623e+11 NA 3.2 84.7 0 36374.5326275972 NA
"456" "Norway" 2000 4490967 1.669e+11 80.2 3.4 85.4 0 37163.488397933 77.4732
"457" "Norway" 2001 4513751 1.715e+11 80 3.6 85.7 0 37995.0068136235 77.12
"458" "Norway" 2002 4538159 1.734e+11 79.9 3.9 85.8 0 38209.326733594 76.7839
"459" "Norway" 2003 4564855 1.753e+11 78.69999 4.5 86.4 0 38402.0960140026 75.15849045
"460" "Norway" 2004 4591910 1.807e+11 78.4 4.4 87.4 0 39351.816564349 74.9504
"461" "Norway" 2005 4623291 1.848e+11 78.30001 4.6 88.2 0 39971.5267760563 74.69820954
"462" "Norway" 2006 4660677 1.901e+11 78 3.5 88.4 0 40788.0657681277 75.27
"463" "Poland" 1993 38461408 1.17e+11 NA NA NA 0 3042.010318499 NA
"464" "Poland" 1994 38542652 1.231e+11 NA NA NA 0 3193.86429351047 NA
"465" "Poland" 1995 38594998 1.317e+11 NA NA NA 0 3412.35929070394 NA
"466" "Poland" 1996 38624370 1.399e+11 NA NA NA 0 3622.06555084264 NA
"467" "Poland" 1997 38649660 1.498e+11 65.9 10.9 76.3 1 3875.84263354451 58.7169
"468" "Poland" 1998 38663481 1.573e+11 65.69999 10.2 77.8 1 4068.43863851783 58.99859102
"469" "Poland" 1999 38660271 1.644e+11 65.9 13.4 78.5 1 4252.42751143674 57.0694
"470" "Poland" 2000 38453757 1.713e+11 65.80001 16.1 79.8 1 4454.70126625079 55.20620839
"471" "Poland" 2001 38248076 1.732e+11 65.5 18.2 80.2 1 4528.33235324046 53.579
"472" "Poland" 2002 38230364 1.757e+11 64.6 19.9 80.9 1 4595.82336176553 51.7446
"473" "Poland" 2003 38204570 1.824e+11 63.9 19.6 82.3 1 4774.29794393707 51.3756
"474" "Poland" 2004 38182222 1.921e+11 64 19 83.6 1 5031.13726592444 51.84
"475" "Poland" 2005 38165445 1.989e+11 64.4 17.7 84.8 1 5211.52052596269 53.0012
"476" "Poland" 2006 38141267 2.104e+11 63.4 13.8 85.8 1 5516.33484016144 54.6508
"477" "Portugal" 1993 9982591 8.758e+10 69.4 5.5 20 0 8773.27339164752 65.583
"478" "Portugal" 1994 10004081 8.842e+10 69.3 6.8 20.9 0 8838.39305179556 64.5876
"479" "Portugal" 1995 10030376 9.221e+10 68.9 7.1 21.9 0 9193.07511503058 64.0081
"480" "Portugal" 1996 10057861 9.555e+10 69.3 7.2 21.8 0 9500.03186562232 64.3104
"481" "Portugal" 1997 10091120 9.955e+10 70.5 6.7 22 0 9865.1091256471 65.7765
"482" "Portugal" 1998 10129290 1.043e+11 70.6 4.9 17.8 0 10296.8717452062 67.1406
"483" "Portugal" 1999 10171949 1.084e+11 70.8 4.4 19.1 0 10656.7581099748 67.6848
"484" "Portugal" 2000 10225836 1.127e+11 71.4 3.9 19.4 0 11021.1038002174 68.6154
"485" "Portugal" 2001 10292999 1.149e+11 72.1 4 20.2 0 11162.9273450818 69.216
"486" "Portugal" 2002 10368403 1.158e+11 72.7 5 20.7 0 11168.5473645266 69.065
"487" "Portugal" 2003 10441075 1.145e+11 72.9 6.3 22.8 0 10966.3037570365 68.3073
"488" "Portugal" 2004 10501970 1.159e+11 73 6.7 25.2 0 11036.0246696572 68.109
"489" "Portugal" 2005 10549424 1.163e+11 73.4 7.6 26.5 0 11024.2985778181 67.8216
"490" "Portugal" 2006 10584344 1.178e+11 73.9 7.7 27.6 0 11129.6458240586 68.2097
"491" "Romania" 1993 22763280 3.546e+10 NA NA NA 0 1557.77199067973 NA
"492" "Romania" 1994 22730211 3.686e+10 NA NA NA 0 1621.63034914194 NA
"493" "Romania" 1995 22684270 3.95e+10 NA NA NA 0 1741.2947386008 NA
"494" "Romania" 1996 22619004 4.109e+10 NA NA NA 0 1816.61402951253 NA
"495" "Romania" 1997 22553978 3.858e+10 69.9 NA 64.7 0 1710.56298804583 NA
"496" "Romania" 1998 22507344 3.673e+10 68.9 NA 66.9 0 1631.9117884367 NA
"497" "Romania" 1999 22472040 3.629e+10 68.4 6.9 68 0 1614.89566590305 63.6804
"498" "Romania" 2000 22442971 3.705e+10 68.4 7.2 69.3 0 1650.85095017055 63.4752
"499" "Romania" 2001 22131970 3.916e+10 67.3 6.6 70.6 0 1769.38609622189 62.8582
"500" "Romania" 2002 21803129 4.116e+10 63.4 8.4 71.1 1 1887.80243422859 58.0744
"501" "Romania" 2003 21742013 4.33e+10 62.2 7 70.5 0 1991.53592631924 57.846
"502" "Romania" 2004 21684890 4.694e+10 63 8.1 71.5 1 2164.64090894628 57.897
"503" "Romania" 2005 21634371 4.886e+10 62.3 7.2 73.1 0 2258.44328915317 57.8144
"504" "Romania" 2006 21587666 5.263e+10 63.6 7.3 74.2 0 2437.96619792061 58.9572
"505" "Serbia" 1993 NA NA NA NA NA 0 NA NA
"506" "Serbia" 1994 NA NA NA NA NA 0 NA NA
"507" "Serbia" 1995 NA NA NA NA NA 0 NA NA
"508" "Serbia" 1996 NA NA NA NA NA 0 NA NA
"509" "Serbia" 1997 NA NA NA NA NA 0 NA NA
"510" "Serbia" 1998 NA NA NA NA NA 0 NA NA
"511" "Serbia" 1999 7540401 NA NA NA NA 0 NA NA
"512" "Serbia" 2000 7516346 6.295e+09 NA NA NA 0 837.508012536943 NA
"513" "Serbia" 2001 7503433 6.6e+09 NA NA NA 0 879.597378959738 NA
"514" "Serbia" 2002 7496522 6.879e+09 NA NA NA 0 917.625533547424 NA
"515" "Serbia" 2003 7480591 7.05e+09 NA NA NA 0 942.438906230804 NA
"516" "Serbia" 2004 7463157 7.644e+09 NA NA NA 0 1024.23143449883 NA
"517" "Serbia" 2005 7440769 8.119e+09 NA NA NA 0 1091.15065929341 NA
"518" "Serbia" 2006 7411569 8.59e+09 NA NA NA 0 1158.99885705712 NA
"519" "Serbia and Montenegro" 1993 10486166 7.887e+09 NA NA NA 0 752.133811347255 NA
"520" "Serbia and Montenegro" 1994 10519106 8.084e+09 NA NA NA 0 768.506373070107 NA
"521" "Serbia and Montenegro" 1995 10551736 8.577e+09 NA NA NA 0 812.852027382035 NA
"522" "Serbia and Montenegro" 1996 10581190 9.081e+09 NA NA NA 0 858.221050751381 NA
"523" "Serbia and Montenegro" 1997 10603934 9.75e+09 NA NA NA 0 919.470075917108 NA
"524" "Serbia and Montenegro" 1998 10621283 9.993e+09 NA NA NA 0 940.846788471788 NA
"525" "Serbia and Montenegro" 1999 10633112 8.193e+09 NA NA NA 0 770.517605758314 NA
"526" "Serbia and Montenegro" 2000 10641261 8.603e+09 NA NA NA 0 808.456817288853 NA
"527" "Serbia and Montenegro" 2001 10653722 9.076e+09 NA NA NA 0 851.908844627258 NA
"528" "Serbia and Montenegro" 2002 9379533 9.465e+09 NA NA NA 0 1009.11207412992 NA
"529" "Serbia and Montenegro" 2003 8127202 9.696e+09 NA NA NA 0 1193.03051652955 NA
"530" "Serbia and Montenegro" 2004 NA 1.055e+10 NA NA NA 0 NA NA
"531" "Serbia and Montenegro" 2005 NA 1.105e+10 NA NA NA 0 NA NA
"532" "Serbia and Montenegro" 2006 NA 1.172e+10 NA NA NA 0 NA NA
"533" "Slovakia" 1993 5325305 1.515e+10 NA NA NA 0 2844.90747478313 NA
"534" "Slovakia" 1994 5346331 1.609e+10 NA NA NA 0 3009.5405615552 NA
"535" "Slovakia" 1995 5361999 1.703e+10 NA NA NA 0 3176.05430362818 NA
"536" "Slovakia" 1996 5373361 1.839e+10 NA NA NA 0 3422.43895394335 NA
"537" "Slovakia" 1997 5383291 1.945e+10 NA NA NA 0 3613.03150804963 NA
"538" "Slovakia" 1998 5390516 2.016e+10 69.3 12.6 80 1 3739.9017088531 60.5682
"539" "Slovakia" 1999 5396020 2.023e+10 69.5 16.4 82.1 1 3749.05949199595 58.102
"540" "Slovakia" 2000 5388720 2.037e+10 69.9 18.8 83.8 1 3780.11846969225 56.7588
"541" "Slovakia" 2001 5378867 2.103e+10 70.4 19.3 85.1 1 3909.74530509864 56.8128
"542" "Slovakia" 2002 5379056 2.19e+10 69.9 18.7 86 1 4071.34634776065 56.8287
"543" "Slovakia" 2003 5379607 2.281e+10 70 17.6 86.7 1 4240.08668291197 57.68
"544" "Slovakia" 2004 5382438 2.404e+10 69.7 18.2 87 1 4466.37750402327 57.0146
"545" "Slovakia" 2005 5387001 2.55e+10 68.9 16.3 87.9 1 4733.6170904739 57.6693
"546" "Slovakia" 2006 5391409 2.76e+10 68.6 13.4 88.8 1 5119.25546735557 59.4076
"547" "Slovenia" 1993 1991746 1.427e+10 NA NA NA 0 7164.56817284935 NA
"548" "Slovenia" 1994 1989443 1.503e+10 NA NA NA 0 7554.87842577043 NA
"549" "Slovenia" 1995 1989872 1.558e+10 NA NA NA 0 7829.64934427943 NA
"550" "Slovenia" 1996 1988628 1.616e+10 66.19999 6.9 69.5 0 8126.20560507043 61.63219069
"551" "Slovenia" 1997 1985956 1.694e+10 67.3 6.9 69.7 0 8529.8969362866 62.6563
"552" "Slovenia" 1998 1981629 1.76e+10 68.2 7.4 72.5 0 8881.58176934229 63.1532
"553" "Slovenia" 1999 1983045 1.855e+10 67.3 7.3 74 0 9354.30108746902 62.3871
"554" "Slovenia" 2000 1988925 1.931e+10 67.5 6.7 75.3 0 9708.76227107608 62.9775
"555" "Slovenia" 2001 1992060 1.982e+10 68.1 6.2 75.8 0 9949.49951306688 63.8778
"556" "Slovenia" 2002 1994530 2.051e+10 67.8 6.3 77 0 10283.1243450838 63.5286
"557" "Slovenia" 2003 1995733 2.105e+10 67.1 6.7 78.1 0 10547.5030978593 62.6043
"558" "Slovenia" 2004 1997012 2.198e+10 69.8 6.3 79.7 0 11006.4436267784 65.4026
"559" "Slovenia" 2005 2000474 2.287e+10 70.7 6.5 80.3 0 11432.2905471403 66.1045
"560" "Slovenia" 2006 2006868 2.407e+10 70.9 6 81.6 0 11993.8132453156 66.646
"561" "Spain" 1993 39189400 4.514e+11 58.4 18.3 25.5 1 11518.4207974605 47.7128
"562" "Spain" 1994 39294967 4.621e+11 58.9 19.5 27.5 1 11759.7757493981 47.4145
"563" "Spain" 1995 39387017 4.749e+11 59 18.4 29.5 1 12057.2725779157 48.144
"564" "Spain" 1996 39478186 4.863e+11 61.6 17.8 32.2 1 12318.1951673261 50.6352
"565" "Spain" 1997 39582413 5.051e+11 62.4 16.7 33.7 1 12760.7177460353 51.9792
"566" "Spain" 1998 39721108 5.277e+11 63 15 34.5 1 13285.1278972379 53.55
"567" "Spain" 1999 39926268 5.528e+11 63.9 12.5 36.3 1 13845.5214496882 55.9125
"568" "Spain" 2000 40263216 5.807e+11 65.4 11.1 38.6 1 14422.5935653029 58.1406
"569" "Spain" 2001 40720484 6.013e+11 64.7 10.3 40.4 1 14766.5238949517 58.0359
"570" "Spain" 2002 41313973 6.174e+11 66.19999 11.1 41.7 1 14944.0965166918 58.85179111
"571" "Spain" 2003 42004522 6.359e+11 67.6 11.1 43.2 1 15138.8462413642 60.0964
"572" "Spain" 2004 42691689 6.556e+11 68.7 10.6 45 1 15356.6189428579 61.4178
"573" "Spain" 2005 43398143 6.78e+11 69.7 9.2 48.5 1 15622.7882838213 63.2876
"574" "Spain" 2006 44116441 7.045e+11 70.8 8.5 49.4 1 15969.1032193644 64.782
"575" "Sweden" 1993 8718561 1.912e+11 77.7 9.1 NA 1 21930.2244946156 70.6293
"576" "Sweden" 1994 8780745 1.987e+11 76.7 9.4 NA 1 22629.0593793579 69.4902
"577" "Sweden" 1995 8826939 2.064e+11 77 8.8 74.1 1 23382.964354914 70.224
"578" "Sweden" 1996 8840998 2.092e+11 77.1 9.6 73.9 1 23662.4869726246 69.6984
"579" "Sweden" 1997 8846062 2.141e+11 76.5 9.9 74.7 1 24202.8599844767 68.9265
"580" "Sweden" 1998 8850974 2.219e+11 76.2 8.2 75.5 1 25070.6871356757 69.9516
"581" "Sweden" 1999 8857874 2.32e+11 76.8 6.7 77 0 26191.3863303994 71.6544
"582" "Sweden" 2000 8872109 2.42e+11 77.3 5.6 77.2 0 27276.4908546547 72.9712
"583" "Sweden" 2001 8895960 2.446e+11 77.9 4.9 80.5 0 27495.6272285397 74.0829
"584" "Sweden" 2002 8924958 2.495e+11 77.6 4.9 81.4 0 27955.3136272462 73.7976
"585" "Sweden" 2003 8958229 2.537e+11 77.3 5.6 82.1 0 28320.3298330507 72.9712
"586" "Sweden" 2004 8993531 2.632e+11 77.2 6.3 82.9 0 29265.4798209958 72.3364
"587" "Sweden" 2005 9029572 2.703e+11 78.69999 7.4 83.6 0 29934.9736620961 72.87619074
"588" "Sweden" 2006 9080505 2.822e+11 78.8 7 84.1 0 31077.5667212341 73.284
"589" "Switzerland" 1993 6938265 2.194e+11 NA NA NA 0 31621.7382875978 NA
"590" "Switzerland" 1994 6993795 2.218e+11 NA NA NA 0 31713.8263274803 NA
"591" "Switzerland" 1995 7040687 2.226e+11 NA NA NA 0 31616.2329045447 NA
"592" "Switzerland" 1996 7071850 2.238e+11 80 NA 83.3 0 31646.5988390591 NA
"593" "Switzerland" 1997 7088906 2.28e+11 80.3 NA 83.6 0 32162.9317697258 NA
"594" "Switzerland" 1998 7110001 2.344e+11 81 NA 81.6 0 32967.6465586995 NA
"595" "Switzerland" 1999 7143991 2.375e+11 81 NA 81.7 0 33244.7227327134 NA
"596" "Switzerland" 2000 7184250 2.461e+11 80.5 NA 81.8 0 34255.4894387027 NA
"597" "Switzerland" 2001 7229854 2.486e+11 81.2 NA 87.4 0 34385.2033526541 NA
"598" "Switzerland" 2002 7284753 2.494e+11 81.3 NA 86.9 0 34235.8896725805 NA
"599" "Switzerland" 2003 7339001 2.487e+11 81.3 NA 86.5 0 33887.4459889023 NA
"600" "Switzerland" 2004 7389625 2.538e+11 81 NA 86.8 0 34345.4505472199 NA
"601" "Switzerland" 2005 7437115 2.586e+11 80.9 NA 86.9 0 34771.5478381066 NA
"602" "Switzerland" 2006 7483934 2.656e+11 81.3 NA NA 0 35489.3562663701 NA
"603" "Turkey" 1993 59518813 1.62e+11 NA NA NA 0 2721.82847463709 NA
"604" "Turkey" 1994 60641322 1.532e+11 NA NA NA 0 2526.33014827744 NA
"605" "Turkey" 1995 61770601 1.642e+11 NA NA NA 0 2658.22247706478 NA
"606" "Turkey" 1996 62911139 1.757e+11 NA NA NA 0 2792.82815083033 NA
"607" "Turkey" 1997 64063168 1.889e+11 NA NA NA 0 2948.65218029805 NA
"608" "Turkey" 1998 65214119 1.948e+11 NA NA NA 0 2987.08321122915 NA
"609" "Turkey" 1999 66337994 1.856e+11 NA NA NA 0 2797.79337313094 NA
"610" "Turkey" 2000 67392503 1.993e+11 52.3 5.2 NA 0 2957.3022387965 49.5804
"611" "Turkey" 2001 68366825 1.843e+11 52.3 6.8 NA 0 2695.75192353894 48.7436
"612" "Turkey" 2002 69304048 1.99e+11 52.3 8.9 NA 1 2871.40514505011 47.6453
"613" "Turkey" 2003 70231018 2.105e+11 51.3 9.3 NA 1 2997.25115760105 46.5291
"614" "Turkey" 2004 71151009 2.293e+11 51.5 9 NA 1 3222.72309588751 46.865
"615" "Turkey" 2005 72064992 2.462e+11 51.4 8.8 NA 1 3416.36060960084 46.8768
"616" "Turkey" 2006 72971474 2.612e+11 50.2 8.4 NA 1 3579.48093524875 45.9832
"617" "Ukraine" 1993 NA 5.104e+10 NA NA NA 0 NA NA
"618" "Ukraine" 1994 NA 3.934e+10 NA NA NA 0 NA NA
"619" "Ukraine" 1995 NA 3.454e+10 NA NA NA 0 NA NA
"620" "Ukraine" 1996 NA 3.108e+10 NA NA NA 0 NA NA
"621" "Ukraine" 1997 NA 3.015e+10 NA NA NA 0 NA NA
"622" "Ukraine" 1998 NA 2.958e+10 NA NA NA 0 NA NA
"623" "Ukraine" 1999 NA 2.952e+10 NA NA NA 0 NA NA
"624" "Ukraine" 2000 NA 3.126e+10 NA NA NA 0 NA NA
"625" "Ukraine" 2001 NA 3.414e+10 NA NA NA 0 NA NA
"626" "Ukraine" 2002 NA 3.591e+10 NA NA NA 0 NA NA
"627" "Ukraine" 2003 NA 3.929e+10 NA NA NA 0 NA NA
"628" "Ukraine" 2004 NA 4.404e+10 NA NA NA 0 NA NA
"629" "Ukraine" 2005 NA 4.523e+10 NA NA NA 0 NA NA
"630" "Ukraine" 2006 46607431 4.844e+10 NA NA NA 0 1039.31924503627 NA
"631" "UK" 1993 57718614 1.146e+12 75.5 10.2 49.9 1 19854.9466208596 67.799
"632" "UK" 1994 57865745 1.196e+12 75.3 9.3 51.7 1 20668.531961353 68.2971
"633" "UK" 1995 58019030 1.23e+12 75.2 8.5 52.8 1 21199.9407780516 68.808
"634" "UK" 1996 58166950 1.264e+12 75.3 7.9 52.5 0 21730.5531749559 69.3513
"635" "UK" 1997 58316954 1.304e+12 75.4 6.8 54.7 0 22360.5643051933 70.2728
"636" "UK" 1998 58487141 1.346e+12 75.4 6.1 NA 0 23013.6056744507 70.8006
"637" "UK" 1999 58682466 1.387e+12 75.7 6 62.9 0 23635.680204714 71.158
"638" "UK" 2000 58892514 1.443e+12 75.4 5.5 64.2 0 24502.2652624407 71.253
"639" "UK" 2001 59108687 1.475e+12 75.2 5 64.6 0 24954.030868593 71.44
"640" "UK" 2002 59327658 1.504e+12 75.2 5.1 66.2 0 25350.7394476957 71.3648
"641" "UK" 2003 59568776 1.542e+12 75.2 4.9 69.4 0 25886.0447292051 71.5152
"642" "UK" 2004 59879864 1.591e+12 75.2 4.7 70.6 0 26569.8666249476 71.6656
"643" "UK" 2005 60226500 1.62e+12 75.3 4.8 71.7 0 26898.4583198426 71.6856
"644" "UK" 2006 60622964 1.665e+12 75.5 5.3 72.6 0 27464.8398913653 71.4985
